1.0e-8 0.0141 0.0935 0.000258
1.0e-8 0.0397 0.0861 0.000107
1.0e-8 0.0385 0.0732 9.5e-5
1.0e-8 0.000924 0.00843 9.94e-9
1.0e-8 0.00228 0.0144 9.94e-9
1.0e-8 0.0021 0.0159 9.87e-9
1.0e-8 0.00415 0.0125 9.89e-9
1.0e-8 0.00486 0.0161 9.71e-9
1.0e-8 0.00199 0.00457 9.78e-9
1.0e-8 0.00323 0.00812 9.9e-9
1.0e-8 0.00242 0.0183 9.86e-9
1.0e-8 0.00458 0.00956 9.88e-9
1.0e-8 0.00101 0.00482 9.91e-9
1.0e-8 0.00299 0.0052 9.82e-9
1.0e-8 0.00256 0.00446 9.85e-9
1.0e-8 0.00324 0.00562 9.83e-9
1.0e-8 0.0113 0.0179 9.67e-9
1.0e-8 0.00697 0.0101 9.81e-9
1.0e-8 0.00577 0.00914 9.84e-9
