0.05 4.9 16.0
0.05 9.7 16.0
0.15 3.8 16.0
0.07 6.6 16.0
0.14 7.9 16.0
0.06 8.0 16.0
0.07 5.4 16.0
0.09 5.3 16.0
0.09 1.1 7.5
0.1 6.7 16.0
0.09 3.7 16.0
0.09 7.8 16.0
0.08 5.5 16.0
0.09 6.5 16.0
0.1 6.5 16.0
0.09 6.5 16.0
0.1 6.6 16.0
0.1 6.6 16.0
0.07 5.2 16.0
0.04 6.3 16.0
0.08 3.6 16.0
0.12 5.3 16.0
0.11 6.2 16.0
0.05 6.1 16.0
0.11 4.7 16.0
0.07 5.4 16.0
0.1 5.4 16.0
0.1 6.0 16.0
0.09 6.0 16.0
0.08 6.1 11.0
0.13 6.3 16.0
0.12 6.5 16.0
0.1 6.5 16.0
0.1 6.5 16.0
0.07 6.1 16.0
0.11 6.2 16.0
0.08 4.5 16.0
0.06 6.3 16.0
