1.0e-8 0.00285 0.00668 0.00027
1.0e-8 0.00664 0.0252 0.00302
1.0e-8 0.0556 0.313 0.0133
1.0e-8 0.13 0.185 0.0133
1.0e-8 0.0624 0.29 0.0296
1.0e-8 0.0571 0.0387 0.0051
1.0e-8 0.0184 0.0551 0.00931
1.0e-8 0.0173 0.0518 0.00551
1.0e-8 0.00185 0.00905 0.00316
1.0e-8 0.00397 0.0119 0.00697
1.0e-8 0.00158 0.0084 0.00406
1.0e-8 0.00144 0.00389 0.00344
1.0e-8 0.00252 0.00738 0.00204
1.0e-8 0.000751 0.01 0.00367
1.0e-8 0.000359 0.00289 0.00093
1.0e-8 0.000915 0.00393 0.00115
1.0e-8 0.000636 0.0024 8.75e-8
1.0e-8 0.000622 0.00305 0.00113
1.0e-8 0.000336 0.00146 9.73e-9
1.0e-8 0.000426 0.00674 0.00138
1.0e-8 0.000242 0.00169 0.000684
1.0e-8 0.000155 0.0017 0.000481
1.0e-8 7.86e-5 0.000651 0.000473
